Sean Blanchard
4/16/2019
COMP 151
Lab 11 Program 2 - PlayBingo
--------------------------------------------------------------------------------------------------------------------------------
---> Setting up bingo game.
Enter number of players.
4
--> Creating bingo card for Player 1
B   2  3  8 12 14 
I  16 17 21 24 25 
N  35 37 41 42 43 
G  47 48 51 52 56 
O  62 67 69 70 74 
--> Creating bingo card for Player 2
B   6  7  9 11 13 
I  18 24 27 28 29 
N  32 34 35 37 43 
G  46 47 51 52 53 
O  64 68 71 73 74 
--> Creating bingo card for Player 3
B   3  9 10 13 14 
I  18 20 21 24 25 
N  36 37 40 41 44 
G  46 51 57 58 59 
O  64 67 70 71 74 
--> Creating bingo card for Player 4
B   1  3  9 10 12 
I  18 19 21 26 29 
N  38 39 40 43 44 
G  51 53 55 57 59 
O  63 68 71 72 73 
---> Starting the game with 4 players:
     *********************************

 ---> Calling: I 16
Player 1's card: 
B   2  3  8 12 14 
I   0 16 17 21 24 25 
N  35 37 41 42 43 
G  47 48 51 52 56 
O  62 67 69 70 74 
Player 2's card: 
B   6  7  9 11 13 
I  18 24 27 28 29 
N  32 34 35 37 43 
G  46 47 51 52 53 
O  64 68 71 73 74 
Player 3's card: 
B   3  9 10 13 14 
I  18 20 21 24 25 
N  36 37 40 41 44 
G  46 51 57 58 59 
O  64 67 70 71 74 
Player 4's card: 
B   1  3  9 10 12 
I  18 19 21 26 29 
N  38 39 40 43 44 
G  51 53 55 57 59 
O  63 68 71 72 73 
 ---> Calling: N 40
Player 1's card: 
B   2  3  8 12 14 
I   0 16 17 21 24 25 
N  35 37 41 42 43 
G  47 48 51 52 56 
O  62 67 69 70 74 
Player 2's card: 
B   6  7  9 11 13 
I  18 24 27 28 29 
N  32 34 35 37 43 
G  46 47 51 52 53 
O  64 68 71 73 74 
Player 3's card: 
B   3  9 10 13 14 
I  18 20 21 24 25 
N   0 36 37 40 41 44 
G  46 51 57 58 59 
O  64 67 70 71 74 
Player 4's card: 
B   1  3  9 10 12 
I  18 19 21 26 29 
N   0 38 39 40 43 44 
G  51 53 55 57 59 
O  63 68 71 72 73 
 ---> Calling: N 33
Player 1's card: 
B   2  3  8 12 14 
I   0 16 17 21 24 25 
N  35 37 41 42 43 
G  47 48 51 52 56 
O  62 67 69 70 74 
Player 2's card: 
B   6  7  9 11 13 
I  18 24 27 28 29 
N  32 34 35 37 43 
G  46 47 51 52 53 
O  64 68 71 73 74 
Player 3's card: 
B   3  9 10 13 14 
I  18 20 21 24 25 
N   0 36 37 40 41 44 
G  46 51 57 58 59 
O  64 67 70 71 74 
Player 4's card: 
B   1  3  9 10 12 
I  18 19 21 26 29 
N   0 38 39 40 43 44 
G  51 53 55 57 59 
O  63 68 71 72 73 
 ---> Calling: G 57
Player 1's card: 
B   2  3  8 12 14 
I   0 16 17 21 24 25 
N  35 37 41 42 43 
G  47 48 51 52 56 
O  62 67 69 70 74 
Player 2's card: 
B   6  7  9 11 13 
I  18 24 27 28 29 
N  32 34 35 37 43 
G  46 47 51 52 53 
O  64 68 71 73 74 
Player 3's card: 
B   3  9 10 13 14 
I  18 20 21 24 25 
N   0 36 37 40 41 44 
G   0 46 51 57 58 59 
O  64 67 70 71 74 
Player 4's card: 
B   1  3  9 10 12 
I  18 19 21 26 29 
N   0 38 39 40 43 44 
G   0 51 53 55 57 59 
O  63 68 71 72 73 
 ---> Calling: B 12
Player 1's card: 
B   0  2  3  8 12 14 
I   0 16 17 21 24 25 
N  35 37 41 42 43 
G  47 48 51 52 56 
O  62 67 69 70 74 
Player 2's card: 
B   6  7  9 11 13 
I  18 24 27 28 29 
N  32 34 35 37 43 
G  46 47 51 52 53 
O  64 68 71 73 74 
Player 3's card: 
B   3  9 10 13 14 
I  18 20 21 24 25 
N   0 36 37 40 41 44 
G   0 46 51 57 58 59 
O  64 67 70 71 74 
Player 4's card: 
B   0  1  3  9 10 12 
I  18 19 21 26 29 
N   0 38 39 40 43 44 
G   0 51 53 55 57 59 
O  63 68 71 72 73 
 ---> Calling: O 68
Player 1's card: 
B   0  2  3  8 12 14 
I   0 16 17 21 24 25 
N  35 37 41 42 43 
G  47 48 51 52 56 
O  62 67 69 70 74 
Player 2's card: 
B   6  7  9 11 13 
I  18 24 27 28 29 
N  32 34 35 37 43 
G  46 47 51 52 53 
O   0 64 68 71 73 74 
Player 3's card: 
B   3  9 10 13 14 
I  18 20 21 24 25 
N   0 36 37 40 41 44 
G   0 46 51 57 58 59 
O  64 67 70 71 74 
Player 4's card: 
B   0  1  3  9 10 12 
I  18 19 21 26 29 
N   0 38 39 40 43 44 
G   0 51 53 55 57 59 
O   0 63 68 71 72 73 
 ---> Calling: B 10
Player 1's card: 
B   0  2  3  8 12 14 
I   0 16 17 21 24 25 
N  35 37 41 42 43 
G  47 48 51 52 56 
O  62 67 69 70 74 
Player 2's card: 
B   6  7  9 11 13 
I  18 24 27 28 29 
N  32 34 35 37 43 
G  46 47 51 52 53 
O   0 64 68 71 73 74 
Player 3's card: 
B   0  3  9 10 13 14 
I  18 20 21 24 25 
N   0 36 37 40 41 44 
G   0 46 51 57 58 59 
O  64 67 70 71 74 
Player 4's card: 
B   0  1  3  9 10 12 
I  18 19 21 26 29 
N   0 38 39 40 43 44 
G   0 51 53 55 57 59 
O   0 63 68 71 72 73 
 ---> Calling: B 2
Player 1's card: 
B   0  2  3  8 12 14 
I   0 16 17 21 24 25 
N  35 37 41 42 43 
G  47 48 51 52 56 
O  62 67 69 70 74 
Player 2's card: 
B   6  7  9 11 13 
I  18 24 27 28 29 
N  32 34 35 37 43 
G  46 47 51 52 53 
O   0 64 68 71 73 74 
Player 3's card: 
B   0  3  9 10 13 14 
I  18 20 21 24 25 
N   0 36 37 40 41 44 
G   0 46 51 57 58 59 
O  64 67 70 71 74 
Player 4's card: 
B   0  1  3  9 10 12 
I  18 19 21 26 29 
N   0 38 39 40 43 44 
G   0 51 53 55 57 59 
O   0 63 68 71 72 73 
 ---> Calling: B 11
Player 1's card: 
B   0  2  3  8 12 14 
I   0 16 17 21 24 25 
N  35 37 41 42 43 
G  47 48 51 52 56 
O  62 67 69 70 74 
Player 2's card: 
B   0  6  7  9 11 13 
I  18 24 27 28 29 
N  32 34 35 37 43 
G  46 47 51 52 53 
O   0 64 68 71 73 74 
Player 3's card: 
B   0  3  9 10 13 14 
I  18 20 21 24 25 
N   0 36 37 40 41 44 
G   0 46 51 57 58 59 
O  64 67 70 71 74 
Player 4's card: 
B   0  1  3  9 10 12 
I  18 19 21 26 29 
N   0 38 39 40 43 44 
G   0 51 53 55 57 59 
O   0 63 68 71 72 73 
 ---> Calling: N 32
Player 1's card: 
B   0  2  3  8 12 14 
I   0 16 17 21 24 25 
N  35 37 41 42 43 
G  47 48 51 52 56 
O  62 67 69 70 74 
Player 2's card: 
B   0  6  7  9 11 13 
I  18 24 27 28 29 
N   0 32 34 35 37 43 
G  46 47 51 52 53 
O   0 64 68 71 73 74 
Player 3's card: 
B   0  3  9 10 13 14 
I  18 20 21 24 25 
N   0 36 37 40 41 44 
G   0 46 51 57 58 59 
O  64 67 70 71 74 
Player 4's card: 
B   0  1  3  9 10 12 
I  18 19 21 26 29 
N   0 38 39 40 43 44 
G   0 51 53 55 57 59 
O   0 63 68 71 72 73 
 ---> Calling: B 0
Player 1's card: 
B   0  2  3  8 12 14 
I   0 16 17 21 24 25 
N  35 37 41 42 43 
G  47 48 51 52 56 
O  62 67 69 70 74 
Player 2's card: 
B   0  6  7  9 11 13 
I  18 24 27 28 29 
N   0 32 34 35 37 43 
G  46 47 51 52 53 
O   0 64 68 71 73 74 
Player 3's card: 
B   0  3  9 10 13 14 
I  18 20 21 24 25 
N   0 36 37 40 41 44 
G   0 46 51 57 58 59 
O  64 67 70 71 74 
Player 4's card: 
B   0  1  3  9 10 12 
I  18 19 21 26 29 
N   0 38 39 40 43 44 
G   0 51 53 55 57 59 
O   0 63 68 71 72 73 
 ---> Calling: I 27
Player 1's card: 
B   0  2  3  8 12 14 
I   0 16 17 21 24 25 
N  35 37 41 42 43 
G  47 48 51 52 56 
O  62 67 69 70 74 
Player 2's card: 
B   0  6  7  9 11 13 
I   0 18 24 27 28 29 
N   0 32 34 35 37 43 
G  46 47 51 52 53 
O   0 64 68 71 73 74 
Player 3's card: 
B   0  3  9 10 13 14 
I  18 20 21 24 25 
N   0 36 37 40 41 44 
G   0 46 51 57 58 59 
O  64 67 70 71 74 
Player 4's card: 
B   0  1  3  9 10 12 
I  18 19 21 26 29 
N   0 38 39 40 43 44 
G   0 51 53 55 57 59 
O   0 63 68 71 72 73 
 ---> Calling: I 17
Player 1's card: 
B   0  2  3  8 12 14 
I   0 16 17 21 24 25 
N  35 37 41 42 43 
G  47 48 51 52 56 
O  62 67 69 70 74 
Player 2's card: 
B   0  6  7  9 11 13 
I   0 18 24 27 28 29 
N   0 32 34 35 37 43 
G  46 47 51 52 53 
O   0 64 68 71 73 74 
Player 3's card: 
B   0  3  9 10 13 14 
I  18 20 21 24 25 
N   0 36 37 40 41 44 
G   0 46 51 57 58 59 
O  64 67 70 71 74 
Player 4's card: 
B   0  1  3  9 10 12 
I  18 19 21 26 29 
N   0 38 39 40 43 44 
G   0 51 53 55 57 59 
O   0 63 68 71 72 73 
 ---> Calling: O 74
Player 1's card: 
B   0  2  3  8 12 14 
I   0 16 17 21 24 25 
N  35 37 41 42 43 
G  47 48 51 52 56 
O   0 62 67 69 70 74 
Player 2's card: 
B   0  6  7  9 11 13 
I   0 18 24 27 28 29 
N   0 32 34 35 37 43 
G  46 47 51 52 53 
O   0 64 68 71 73 74 
Player 3's card: 
B   0  3  9 10 13 14 
I  18 20 21 24 25 
N   0 36 37 40 41 44 
G   0 46 51 57 58 59 
O   0 64 67 70 71 74 
Player 4's card: 
B   0  1  3  9 10 12 
I  18 19 21 26 29 
N   0 38 39 40 43 44 
G   0 51 53 55 57 59 
O   0 63 68 71 72 73 
 ---> Calling: B 7
Player 1's card: 
B   0  2  3  8 12 14 
I   0 16 17 21 24 25 
N  35 37 41 42 43 
G  47 48 51 52 56 
O   0 62 67 69 70 74 
Player 2's card: 
B   0  6  7  9 11 13 
I   0 18 24 27 28 29 
N   0 32 34 35 37 43 
G  46 47 51 52 53 
O   0 64 68 71 73 74 
Player 3's card: 
B   0  3  9 10 13 14 
I  18 20 21 24 25 
N   0 36 37 40 41 44 
G   0 46 51 57 58 59 
O   0 64 67 70 71 74 
Player 4's card: 
B   0  1  3  9 10 12 
I  18 19 21 26 29 
N   0 38 39 40 43 44 
G   0 51 53 55 57 59 
O   0 63 68 71 72 73 
 ---> Calling: I 23
Player 1's card: 
B   0  2  3  8 12 14 
I   0 16 17 21 24 25 
N  35 37 41 42 43 
G  47 48 51 52 56 
O   0 62 67 69 70 74 
Player 2's card: 
B   0  6  7  9 11 13 
I   0 18 24 27 28 29 
N   0 32 34 35 37 43 
G  46 47 51 52 53 
O   0 64 68 71 73 74 
Player 3's card: 
B   0  3  9 10 13 14 
I  18 20 21 24 25 
N   0 36 37 40 41 44 
G   0 46 51 57 58 59 
O   0 64 67 70 71 74 
Player 4's card: 
B   0  1  3  9 10 12 
I  18 19 21 26 29 
N   0 38 39 40 43 44 
G   0 51 53 55 57 59 
O   0 63 68 71 72 73 
 ---> Calling: B 4
Player 1's card: 
B   0  2  3  8 12 14 
I   0 16 17 21 24 25 
N  35 37 41 42 43 
G  47 48 51 52 56 
O   0 62 67 69 70 74 
Player 2's card: 
B   0  6  7  9 11 13 
I   0 18 24 27 28 29 
N   0 32 34 35 37 43 
G  46 47 51 52 53 
O   0 64 68 71 73 74 
Player 3's card: 
B   0  3  9 10 13 14 
I  18 20 21 24 25 
N   0 36 37 40 41 44 
G   0 46 51 57 58 59 
O   0 64 67 70 71 74 
Player 4's card: 
B   0  1  3  9 10 12 
I  18 19 21 26 29 
N   0 38 39 40 43 44 
G   0 51 53 55 57 59 
O   0 63 68 71 72 73 
 ---> Calling: O 69
Player 1's card: 
B   0  2  3  8 12 14 
I   0 16 17 21 24 25 
N  35 37 41 42 43 
G  47 48 51 52 56 
O   0 62 67 69 70 74 
Player 2's card: 
B   0  6  7  9 11 13 
I   0 18 24 27 28 29 
N   0 32 34 35 37 43 
G  46 47 51 52 53 
O   0 64 68 71 73 74 
Player 3's card: 
B   0  3  9 10 13 14 
I  18 20 21 24 25 
N   0 36 37 40 41 44 
G   0 46 51 57 58 59 
O   0 64 67 70 71 74 
Player 4's card: 
B   0  1  3  9 10 12 
I  18 19 21 26 29 
N   0 38 39 40 43 44 
G   0 51 53 55 57 59 
O   0 63 68 71 72 73 
 ---> Calling: G 52
Player 1's card: 
B   0  2  3  8 12 14 
I   0 16 17 21 24 25 
N  35 37 41 42 43 
G   0 47 48 51 52 56 
O   0 62 67 69 70 74 
Player 2's card: 
B   0  6  7  9 11 13 
I   0 18 24 27 28 29 
N   0 32 34 35 37 43 
G   0 46 47 51 52 53 
O   0 64 68 71 73 74 
Player 3's card: 
B   0  3  9 10 13 14 
I  18 20 21 24 25 
N   0 36 37 40 41 44 
G   0 46 51 57 58 59 
O   0 64 67 70 71 74 
Player 4's card: 
B   0  1  3  9 10 12 
I  18 19 21 26 29 
N   0 38 39 40 43 44 
G   0 51 53 55 57 59 
O   0 63 68 71 72 73 
!!! Player 2 says BINGO !!!
18 chips were called.

Process finished with exit code 0

---------------------------------------------------------------------------------

Run #2 with multiple winners

---------------------------------------------------------------------------------

---> Setting up bingo game.
Enter number of players.
4
--> Creating bingo card for Player 1
B   1  2  4  9 11 
I  19 21 26 27 28 
N  32 36 38 41 43 
G  46 54 55 57 59 
O  64 68 69 71 74 
--> Creating bingo card for Player 2
B   2  9 11 12 14 
I  18 19 22 26 29 
N  32 34 38 39 42 
G  53 54 55 58 59 
O  61 63 65 68 69 
--> Creating bingo card for Player 3
B   2  8  9 11 12 
I  19 21 25 26 29 
N  35 36 37 38 41 
G  49 50 54 56 59 
O  61 64 65 66 67 
--> Creating bingo card for Player 4
B   2  7  8 12 13 
I  16 17 23 24 25 
N  34 35 36 40 42 
G  46 48 54 55 57 
O  61 63 65 66 69 
---> Starting the game with 4 players:
     *********************************

 ---> Calling: G 50
Player 1's card: 
B   1  2  4  9 11 
I  19 21 26 27 28 
N  32 36 38 41 43 
G  46 54 55 57 59 
O  64 68 69 71 74 
Player 2's card: 
B   2  9 11 12 14 
I  18 19 22 26 29 
N  32 34 38 39 42 
G  53 54 55 58 59 
O  61 63 65 68 69 
Player 3's card: 
B   2  8  9 11 12 
I  19 21 25 26 29 
N  35 36 37 38 41 
G   0 49 50 54 56 59 
O  61 64 65 66 67 
Player 4's card: 
B   2  7  8 12 13 
I  16 17 23 24 25 
N  34 35 36 40 42 
G  46 48 54 55 57 
O  61 63 65 66 69 
 ---> Calling: G 60
Player 1's card: 
B   1  2  4  9 11 
I  19 21 26 27 28 
N  32 36 38 41 43 
G  46 54 55 57 59 
O  64 68 69 71 74 
Player 2's card: 
B   2  9 11 12 14 
I  18 19 22 26 29 
N  32 34 38 39 42 
G  53 54 55 58 59 
O  61 63 65 68 69 
Player 3's card: 
B   2  8  9 11 12 
I  19 21 25 26 29 
N  35 36 37 38 41 
G   0 49 50 54 56 59 
O  61 64 65 66 67 
Player 4's card: 
B   2  7  8 12 13 
I  16 17 23 24 25 
N  34 35 36 40 42 
G  46 48 54 55 57 
O  61 63 65 66 69 
 ---> Calling: O 64
Player 1's card: 
B   1  2  4  9 11 
I  19 21 26 27 28 
N  32 36 38 41 43 
G  46 54 55 57 59 
O   0 64 68 69 71 74 
Player 2's card: 
B   2  9 11 12 14 
I  18 19 22 26 29 
N  32 34 38 39 42 
G  53 54 55 58 59 
O  61 63 65 68 69 
Player 3's card: 
B   2  8  9 11 12 
I  19 21 25 26 29 
N  35 36 37 38 41 
G   0 49 50 54 56 59 
O   0 61 64 65 66 67 
Player 4's card: 
B   2  7  8 12 13 
I  16 17 23 24 25 
N  34 35 36 40 42 
G  46 48 54 55 57 
O  61 63 65 66 69 
 ---> Calling: I 23
Player 1's card: 
B   1  2  4  9 11 
I  19 21 26 27 28 
N  32 36 38 41 43 
G  46 54 55 57 59 
O   0 64 68 69 71 74 
Player 2's card: 
B   2  9 11 12 14 
I  18 19 22 26 29 
N  32 34 38 39 42 
G  53 54 55 58 59 
O  61 63 65 68 69 
Player 3's card: 
B   2  8  9 11 12 
I  19 21 25 26 29 
N  35 36 37 38 41 
G   0 49 50 54 56 59 
O   0 61 64 65 66 67 
Player 4's card: 
B   2  7  8 12 13 
I   0 16 17 23 24 25 
N  34 35 36 40 42 
G  46 48 54 55 57 
O  61 63 65 66 69 
 ---> Calling: G 58
Player 1's card: 
B   1  2  4  9 11 
I  19 21 26 27 28 
N  32 36 38 41 43 
G  46 54 55 57 59 
O   0 64 68 69 71 74 
Player 2's card: 
B   2  9 11 12 14 
I  18 19 22 26 29 
N  32 34 38 39 42 
G   0 53 54 55 58 59 
O  61 63 65 68 69 
Player 3's card: 
B   2  8  9 11 12 
I  19 21 25 26 29 
N  35 36 37 38 41 
G   0 49 50 54 56 59 
O   0 61 64 65 66 67 
Player 4's card: 
B   2  7  8 12 13 
I   0 16 17 23 24 25 
N  34 35 36 40 42 
G  46 48 54 55 57 
O  61 63 65 66 69 
 ---> Calling: G 47
Player 1's card: 
B   1  2  4  9 11 
I  19 21 26 27 28 
N  32 36 38 41 43 
G  46 54 55 57 59 
O   0 64 68 69 71 74 
Player 2's card: 
B   2  9 11 12 14 
I  18 19 22 26 29 
N  32 34 38 39 42 
G   0 53 54 55 58 59 
O  61 63 65 68 69 
Player 3's card: 
B   2  8  9 11 12 
I  19 21 25 26 29 
N  35 36 37 38 41 
G   0 49 50 54 56 59 
O   0 61 64 65 66 67 
Player 4's card: 
B   2  7  8 12 13 
I   0 16 17 23 24 25 
N  34 35 36 40 42 
G  46 48 54 55 57 
O  61 63 65 66 69 
 ---> Calling: O 71
Player 1's card: 
B   1  2  4  9 11 
I  19 21 26 27 28 
N  32 36 38 41 43 
G  46 54 55 57 59 
O   0 64 68 69 71 74 
Player 2's card: 
B   2  9 11 12 14 
I  18 19 22 26 29 
N  32 34 38 39 42 
G   0 53 54 55 58 59 
O  61 63 65 68 69 
Player 3's card: 
B   2  8  9 11 12 
I  19 21 25 26 29 
N  35 36 37 38 41 
G   0 49 50 54 56 59 
O   0 61 64 65 66 67 
Player 4's card: 
B   2  7  8 12 13 
I   0 16 17 23 24 25 
N  34 35 36 40 42 
G  46 48 54 55 57 
O  61 63 65 66 69 
 ---> Calling: B 3
Player 1's card: 
B   1  2  4  9 11 
I  19 21 26 27 28 
N  32 36 38 41 43 
G  46 54 55 57 59 
O   0 64 68 69 71 74 
Player 2's card: 
B   2  9 11 12 14 
I  18 19 22 26 29 
N  32 34 38 39 42 
G   0 53 54 55 58 59 
O  61 63 65 68 69 
Player 3's card: 
B   2  8  9 11 12 
I  19 21 25 26 29 
N  35 36 37 38 41 
G   0 49 50 54 56 59 
O   0 61 64 65 66 67 
Player 4's card: 
B   2  7  8 12 13 
I   0 16 17 23 24 25 
N  34 35 36 40 42 
G  46 48 54 55 57 
O  61 63 65 66 69 
 ---> Calling: I 19
Player 1's card: 
B   1  2  4  9 11 
I   0 19 21 26 27 28 
N  32 36 38 41 43 
G  46 54 55 57 59 
O   0 64 68 69 71 74 
Player 2's card: 
B   2  9 11 12 14 
I   0 18 19 22 26 29 
N  32 34 38 39 42 
G   0 53 54 55 58 59 
O  61 63 65 68 69 
Player 3's card: 
B   2  8  9 11 12 
I   0 19 21 25 26 29 
N  35 36 37 38 41 
G   0 49 50 54 56 59 
O   0 61 64 65 66 67 
Player 4's card: 
B   2  7  8 12 13 
I   0 16 17 23 24 25 
N  34 35 36 40 42 
G  46 48 54 55 57 
O  61 63 65 66 69 
 ---> Calling: G 59
Player 1's card: 
B   1  2  4  9 11 
I   0 19 21 26 27 28 
N  32 36 38 41 43 
G   0 46 54 55 57 59 
O   0 64 68 69 71 74 
Player 2's card: 
B   2  9 11 12 14 
I   0 18 19 22 26 29 
N  32 34 38 39 42 
G   0 53 54 55 58 59 
O  61 63 65 68 69 
Player 3's card: 
B   2  8  9 11 12 
I   0 19 21 25 26 29 
N  35 36 37 38 41 
G   0 49 50 54 56 59 
O   0 61 64 65 66 67 
Player 4's card: 
B   2  7  8 12 13 
I   0 16 17 23 24 25 
N  34 35 36 40 42 
G  46 48 54 55 57 
O  61 63 65 66 69 
 ---> Calling: N 32
Player 1's card: 
B   1  2  4  9 11 
I   0 19 21 26 27 28 
N   0 32 36 38 41 43 
G   0 46 54 55 57 59 
O   0 64 68 69 71 74 
Player 2's card: 
B   2  9 11 12 14 
I   0 18 19 22 26 29 
N   0 32 34 38 39 42 
G   0 53 54 55 58 59 
O  61 63 65 68 69 
Player 3's card: 
B   2  8  9 11 12 
I   0 19 21 25 26 29 
N  35 36 37 38 41 
G   0 49 50 54 56 59 
O   0 61 64 65 66 67 
Player 4's card: 
B   2  7  8 12 13 
I   0 16 17 23 24 25 
N  34 35 36 40 42 
G  46 48 54 55 57 
O  61 63 65 66 69 
 ---> Calling: O 70
Player 1's card: 
B   1  2  4  9 11 
I   0 19 21 26 27 28 
N   0 32 36 38 41 43 
G   0 46 54 55 57 59 
O   0 64 68 69 71 74 
Player 2's card: 
B   2  9 11 12 14 
I   0 18 19 22 26 29 
N   0 32 34 38 39 42 
G   0 53 54 55 58 59 
O  61 63 65 68 69 
Player 3's card: 
B   2  8  9 11 12 
I   0 19 21 25 26 29 
N  35 36 37 38 41 
G   0 49 50 54 56 59 
O   0 61 64 65 66 67 
Player 4's card: 
B   2  7  8 12 13 
I   0 16 17 23 24 25 
N  34 35 36 40 42 
G  46 48 54 55 57 
O  61 63 65 66 69 
 ---> Calling: N 31
Player 1's card: 
B   1  2  4  9 11 
I   0 19 21 26 27 28 
N   0 32 36 38 41 43 
G   0 46 54 55 57 59 
O   0 64 68 69 71 74 
Player 2's card: 
B   2  9 11 12 14 
I   0 18 19 22 26 29 
N   0 32 34 38 39 42 
G   0 53 54 55 58 59 
O  61 63 65 68 69 
Player 3's card: 
B   2  8  9 11 12 
I   0 19 21 25 26 29 
N  35 36 37 38 41 
G   0 49 50 54 56 59 
O   0 61 64 65 66 67 
Player 4's card: 
B   2  7  8 12 13 
I   0 16 17 23 24 25 
N  34 35 36 40 42 
G  46 48 54 55 57 
O  61 63 65 66 69 
 ---> Calling: G 49
Player 1's card: 
B   1  2  4  9 11 
I   0 19 21 26 27 28 
N   0 32 36 38 41 43 
G   0 46 54 55 57 59 
O   0 64 68 69 71 74 
Player 2's card: 
B   2  9 11 12 14 
I   0 18 19 22 26 29 
N   0 32 34 38 39 42 
G   0 53 54 55 58 59 
O  61 63 65 68 69 
Player 3's card: 
B   2  8  9 11 12 
I   0 19 21 25 26 29 
N  35 36 37 38 41 
G   0 49 50 54 56 59 
O   0 61 64 65 66 67 
Player 4's card: 
B   2  7  8 12 13 
I   0 16 17 23 24 25 
N  34 35 36 40 42 
G  46 48 54 55 57 
O  61 63 65 66 69 
 ---> Calling: G 53
Player 1's card: 
B   1  2  4  9 11 
I   0 19 21 26 27 28 
N   0 32 36 38 41 43 
G   0 46 54 55 57 59 
O   0 64 68 69 71 74 
Player 2's card: 
B   2  9 11 12 14 
I   0 18 19 22 26 29 
N   0 32 34 38 39 42 
G   0 53 54 55 58 59 
O  61 63 65 68 69 
Player 3's card: 
B   2  8  9 11 12 
I   0 19 21 25 26 29 
N  35 36 37 38 41 
G   0 49 50 54 56 59 
O   0 61 64 65 66 67 
Player 4's card: 
B   2  7  8 12 13 
I   0 16 17 23 24 25 
N  34 35 36 40 42 
G  46 48 54 55 57 
O  61 63 65 66 69 
 ---> Calling: I 24
Player 1's card: 
B   1  2  4  9 11 
I   0 19 21 26 27 28 
N   0 32 36 38 41 43 
G   0 46 54 55 57 59 
O   0 64 68 69 71 74 
Player 2's card: 
B   2  9 11 12 14 
I   0 18 19 22 26 29 
N   0 32 34 38 39 42 
G   0 53 54 55 58 59 
O  61 63 65 68 69 
Player 3's card: 
B   2  8  9 11 12 
I   0 19 21 25 26 29 
N  35 36 37 38 41 
G   0 49 50 54 56 59 
O   0 61 64 65 66 67 
Player 4's card: 
B   2  7  8 12 13 
I   0 16 17 23 24 25 
N  34 35 36 40 42 
G  46 48 54 55 57 
O  61 63 65 66 69 
 ---> Calling: I 29
Player 1's card: 
B   1  2  4  9 11 
I   0 19 21 26 27 28 
N   0 32 36 38 41 43 
G   0 46 54 55 57 59 
O   0 64 68 69 71 74 
Player 2's card: 
B   2  9 11 12 14 
I   0 18 19 22 26 29 
N   0 32 34 38 39 42 
G   0 53 54 55 58 59 
O  61 63 65 68 69 
Player 3's card: 
B   2  8  9 11 12 
I   0 19 21 25 26 29 
N  35 36 37 38 41 
G   0 49 50 54 56 59 
O   0 61 64 65 66 67 
Player 4's card: 
B   2  7  8 12 13 
I   0 16 17 23 24 25 
N  34 35 36 40 42 
G  46 48 54 55 57 
O  61 63 65 66 69 
 ---> Calling: O 72
Player 1's card: 
B   1  2  4  9 11 
I   0 19 21 26 27 28 
N   0 32 36 38 41 43 
G   0 46 54 55 57 59 
O   0 64 68 69 71 74 
Player 2's card: 
B   2  9 11 12 14 
I   0 18 19 22 26 29 
N   0 32 34 38 39 42 
G   0 53 54 55 58 59 
O  61 63 65 68 69 
Player 3's card: 
B   2  8  9 11 12 
I   0 19 21 25 26 29 
N  35 36 37 38 41 
G   0 49 50 54 56 59 
O   0 61 64 65 66 67 
Player 4's card: 
B   2  7  8 12 13 
I   0 16 17 23 24 25 
N  34 35 36 40 42 
G  46 48 54 55 57 
O  61 63 65 66 69 
 ---> Calling: N 42
Player 1's card: 
B   1  2  4  9 11 
I   0 19 21 26 27 28 
N   0 32 36 38 41 43 
G   0 46 54 55 57 59 
O   0 64 68 69 71 74 
Player 2's card: 
B   2  9 11 12 14 
I   0 18 19 22 26 29 
N   0 32 34 38 39 42 
G   0 53 54 55 58 59 
O  61 63 65 68 69 
Player 3's card: 
B   2  8  9 11 12 
I   0 19 21 25 26 29 
N  35 36 37 38 41 
G   0 49 50 54 56 59 
O   0 61 64 65 66 67 
Player 4's card: 
B   2  7  8 12 13 
I   0 16 17 23 24 25 
N   0 34 35 36 40 42 
G  46 48 54 55 57 
O  61 63 65 66 69 
 ---> Calling: I 17
Player 1's card: 
B   1  2  4  9 11 
I   0 19 21 26 27 28 
N   0 32 36 38 41 43 
G   0 46 54 55 57 59 
O   0 64 68 69 71 74 
Player 2's card: 
B   2  9 11 12 14 
I   0 18 19 22 26 29 
N   0 32 34 38 39 42 
G   0 53 54 55 58 59 
O  61 63 65 68 69 
Player 3's card: 
B   2  8  9 11 12 
I   0 19 21 25 26 29 
N  35 36 37 38 41 
G   0 49 50 54 56 59 
O   0 61 64 65 66 67 
Player 4's card: 
B   2  7  8 12 13 
I   0 16 17 23 24 25 
N   0 34 35 36 40 42 
G  46 48 54 55 57 
O  61 63 65 66 69 
 ---> Calling: I 20
Player 1's card: 
B   1  2  4  9 11 
I   0 19 21 26 27 28 
N   0 32 36 38 41 43 
G   0 46 54 55 57 59 
O   0 64 68 69 71 74 
Player 2's card: 
B   2  9 11 12 14 
I   0 18 19 22 26 29 
N   0 32 34 38 39 42 
G   0 53 54 55 58 59 
O  61 63 65 68 69 
Player 3's card: 
B   2  8  9 11 12 
I   0 19 21 25 26 29 
N  35 36 37 38 41 
G   0 49 50 54 56 59 
O   0 61 64 65 66 67 
Player 4's card: 
B   2  7  8 12 13 
I   0 16 17 23 24 25 
N   0 34 35 36 40 42 
G  46 48 54 55 57 
O  61 63 65 66 69 
 ---> Calling: I 26
Player 1's card: 
B   1  2  4  9 11 
I   0 19 21 26 27 28 
N   0 32 36 38 41 43 
G   0 46 54 55 57 59 
O   0 64 68 69 71 74 
Player 2's card: 
B   2  9 11 12 14 
I   0 18 19 22 26 29 
N   0 32 34 38 39 42 
G   0 53 54 55 58 59 
O  61 63 65 68 69 
Player 3's card: 
B   2  8  9 11 12 
I   0 19 21 25 26 29 
N  35 36 37 38 41 
G   0 49 50 54 56 59 
O   0 61 64 65 66 67 
Player 4's card: 
B   2  7  8 12 13 
I   0 16 17 23 24 25 
N   0 34 35 36 40 42 
G  46 48 54 55 57 
O  61 63 65 66 69 
 ---> Calling: G 55
Player 1's card: 
B   1  2  4  9 11 
I   0 19 21 26 27 28 
N   0 32 36 38 41 43 
G   0 46 54 55 57 59 
O   0 64 68 69 71 74 
Player 2's card: 
B   2  9 11 12 14 
I   0 18 19 22 26 29 
N   0 32 34 38 39 42 
G   0 53 54 55 58 59 
O  61 63 65 68 69 
Player 3's card: 
B   2  8  9 11 12 
I   0 19 21 25 26 29 
N  35 36 37 38 41 
G   0 49 50 54 56 59 
O   0 61 64 65 66 67 
Player 4's card: 
B   2  7  8 12 13 
I   0 16 17 23 24 25 
N   0 34 35 36 40 42 
G   0 46 48 54 55 57 
O  61 63 65 66 69 
 ---> Calling: B 5
Player 1's card: 
B   1  2  4  9 11 
I   0 19 21 26 27 28 
N   0 32 36 38 41 43 
G   0 46 54 55 57 59 
O   0 64 68 69 71 74 
Player 2's card: 
B   2  9 11 12 14 
I   0 18 19 22 26 29 
N   0 32 34 38 39 42 
G   0 53 54 55 58 59 
O  61 63 65 68 69 
Player 3's card: 
B   2  8  9 11 12 
I   0 19 21 25 26 29 
N  35 36 37 38 41 
G   0 49 50 54 56 59 
O   0 61 64 65 66 67 
Player 4's card: 
B   2  7  8 12 13 
I   0 16 17 23 24 25 
N   0 34 35 36 40 42 
G   0 46 48 54 55 57 
O  61 63 65 66 69 
 ---> Calling: O 74
Player 1's card: 
B   1  2  4  9 11 
I   0 19 21 26 27 28 
N   0 32 36 38 41 43 
G   0 46 54 55 57 59 
O   0 64 68 69 71 74 
Player 2's card: 
B   2  9 11 12 14 
I   0 18 19 22 26 29 
N   0 32 34 38 39 42 
G   0 53 54 55 58 59 
O  61 63 65 68 69 
Player 3's card: 
B   2  8  9 11 12 
I   0 19 21 25 26 29 
N  35 36 37 38 41 
G   0 49 50 54 56 59 
O   0 61 64 65 66 67 
Player 4's card: 
B   2  7  8 12 13 
I   0 16 17 23 24 25 
N   0 34 35 36 40 42 
G   0 46 48 54 55 57 
O  61 63 65 66 69 
 ---> Calling: B 14
Player 1's card: 
B   1  2  4  9 11 
I   0 19 21 26 27 28 
N   0 32 36 38 41 43 
G   0 46 54 55 57 59 
O   0 64 68 69 71 74 
Player 2's card: 
B   0  2  9 11 12 14 
I   0 18 19 22 26 29 
N   0 32 34 38 39 42 
G   0 53 54 55 58 59 
O  61 63 65 68 69 
Player 3's card: 
B   2  8  9 11 12 
I   0 19 21 25 26 29 
N  35 36 37 38 41 
G   0 49 50 54 56 59 
O   0 61 64 65 66 67 
Player 4's card: 
B   2  7  8 12 13 
I   0 16 17 23 24 25 
N   0 34 35 36 40 42 
G   0 46 48 54 55 57 
O  61 63 65 66 69 
 ---> Calling: B 13
Player 1's card: 
B   1  2  4  9 11 
I   0 19 21 26 27 28 
N   0 32 36 38 41 43 
G   0 46 54 55 57 59 
O   0 64 68 69 71 74 
Player 2's card: 
B   0  2  9 11 12 14 
I   0 18 19 22 26 29 
N   0 32 34 38 39 42 
G   0 53 54 55 58 59 
O  61 63 65 68 69 
Player 3's card: 
B   2  8  9 11 12 
I   0 19 21 25 26 29 
N  35 36 37 38 41 
G   0 49 50 54 56 59 
O   0 61 64 65 66 67 
Player 4's card: 
B   0  2  7  8 12 13 
I   0 16 17 23 24 25 
N   0 34 35 36 40 42 
G   0 46 48 54 55 57 
O  61 63 65 66 69 
 ---> Calling: N 33
Player 1's card: 
B   1  2  4  9 11 
I   0 19 21 26 27 28 
N   0 32 36 38 41 43 
G   0 46 54 55 57 59 
O   0 64 68 69 71 74 
Player 2's card: 
B   0  2  9 11 12 14 
I   0 18 19 22 26 29 
N   0 32 34 38 39 42 
G   0 53 54 55 58 59 
O  61 63 65 68 69 
Player 3's card: 
B   2  8  9 11 12 
I   0 19 21 25 26 29 
N  35 36 37 38 41 
G   0 49 50 54 56 59 
O   0 61 64 65 66 67 
Player 4's card: 
B   0  2  7  8 12 13 
I   0 16 17 23 24 25 
N   0 34 35 36 40 42 
G   0 46 48 54 55 57 
O  61 63 65 66 69 
 ---> Calling: O 61
Player 1's card: 
B   1  2  4  9 11 
I   0 19 21 26 27 28 
N   0 32 36 38 41 43 
G   0 46 54 55 57 59 
O   0 64 68 69 71 74 
Player 2's card: 
B   0  2  9 11 12 14 
I   0 18 19 22 26 29 
N   0 32 34 38 39 42 
G   0 53 54 55 58 59 
O   0 61 63 65 68 69 
Player 3's card: 
B   2  8  9 11 12 
I   0 19 21 25 26 29 
N  35 36 37 38 41 
G   0 49 50 54 56 59 
O   0 61 64 65 66 67 
Player 4's card: 
B   0  2  7  8 12 13 
I   0 16 17 23 24 25 
N   0 34 35 36 40 42 
G   0 46 48 54 55 57 
O   0 61 63 65 66 69 
!!! Player 2 says BINGO !!!
!!! Player 4 says BINGO !!!
28 chips were called.

Process finished with exit code 0